t,x,p1_coeff,p2_coeff,x_minus_p0_and_pn,delta_x,delta_p1_coeff,delte_p2_coeff
0.0,7.5,0.0,0.0,0.0,0.0,0.0,0.0
0.1731322554396856,8.0,0.35511690177595834,0.07435553092220089,3.7027758500697225,0.5,0.35511690177595834,0.07435553092220089
0.33037732110063806,8.71,0.4444181529305065,0.2192662874785054,6.060700653514696,0.7100000000000009,0.08930125115454818,0.14491075655630453
0.5153494571574821,9.48,0.36314534764435685,0.3861478348505551,7.117919573202851,0.7699999999999996,-0.08127280528614966,0.1668815473720497
0.690023483736957,10.23,0.19890363144920498,0.44276959543620636,6.386079450410529,0.75,-0.16424171619515188,0.05662176058565127
0.8196931894714495,10.67,0.07994601923719308,0.36344277457952257,4.556778300270784,0.4399999999999995,-0.1189576122120119,-0.0793268208566838
1.0,11.02,0.0,0.0,0.0,0.34999999999999964,-0.07994601923719308,-0.36344277457952257

t,y,p1_coeff,p2_coeff,y_minus_p0_and_pn,delta_y,delta_p1_coeff,delte_p2_coeff
0.0,2.64,0.0,0.0,0.0,0.0,0.0,0.0
0.1731322554396856,2.0,0.35511690177595834,0.07435553092220089,0.5005537034925753,-0.6400000000000001,0.35511690177595834,0.07435553092220089
0.33037732110063806,1.8,0.4444181529305065,0.2192662874785054,0.9590054580260299,-0.19999999999999996,0.08930125115454818,0.14491075655630453
0.5153494571574821,2.2,0.36314534764435685,0.3861478348505551,1.716063855241592,0.40000000000000013,-0.08127280528614966,0.1668815473720497
0.690023483736957,2.53,0.19890363144920498,0.44276959543620636,2.011122624829495,0.3299999999999996,-0.16424171619515188,0.05662176058565127
0.8196931894714495,2.11,0.07994601923719308,0.36344277457952257,1.3565205490173102,-0.41999999999999993,-0.1189576122120119,-0.0793268208566838
1.0,1.34,0.0,0.0,0.0,-0.7699999999999998,-0.07994601923719308,-0.36344277457952257

necessary P1: (9.0, 0.0)
necessary P2: (10.0, 4.5)

P1: (0.0, 0.0)
P2: (0.0, 0.0)
